5636114 5075253 1080,1920,30000/1001 7.893333 
31387434 51641869 2160,3840,30/1 7.700000 
29593270 32591770 2160,3840,30/1 5.533333 
5278926 12401145 1080,1920,30000/1001 16.750000 
10452100 44375730 2160,3840,30/1 14.613333 
30022430 23258816 2160,3840,30/1 5.366667 
27017491 50630691 2160,3840,60000/1001 7.540867 
4627340 7628061 1080,1920,30000/1001 10.388333 
35537277 154539186 2160,3840,60/1 31.283333 
30344687 133353617 2160,3840,60/1 11.933333 
27696896 177245350 1080,1920,60/1 15.833333 
12332218 7448504 1080,1920,30000/1001 9.493333 
39200736 105206944 2160,3840,60/1 10.400000 
35102233 126753617 2160,3840,30/1 23.100000 
3371612 7960318 1080,1920,30000/1001 12.278933 
4942034 11384170 1080,1920,30000/1001 16.215000 
26651655 30460407 1080,1920,60/1 16.266667 
35972707 439503411 2160,3840,30000/1001 58.058000 
16453402 25701551 2160,3840,60/1 8.000000 
8187626 33357800 1440,2562,30000/1001 20.053367 
